lg0
ly1
lc108
lt49
cn0 8 8 0 6
cn"$<‚l‚r ƒSƒVƒbƒN>
lt1
 -27.5 5.5 -27.5 11.5
 -25 7.5 -25 9.5
 -24 10.5 -7 10.5
 -24 6.5 -7 6.5
 -26 13 -12.5 13
 -26 4 -12.5 4
 -5.5 0 -5.5 42.7499999999999
 -10.5 61.5 -10.5 15
 -9.5 62.5 -5.5 62.5
 -5.5 52.5 -5.5 62.5
 9.5 0 9.5 51
 -2.5 45.7499999999999 9.5 45.7499999999999
 -10.5 2 -10.5 0
 -27.5 -5.5 -27.5 -11.5
 -25 -7.5 -25 -9.5
 -24 -10.5 -7 -10.5
 -24 -6.5 -7 -6.5
 -26 -13 -12.5 -13
 -26 -4 -12.5 -4
 -5.5 0 -5.5 -42.7499999999999
 -10.5 -61.5 -10.5 -15
 -9.5 -62.5 -5.5 -62.5
 -5.5 -52.5 -5.5 -62.5
 9.5 0 9.5 -51
 -2.5 -45.75 9.5 -45.75
 -10.5 -2 -10.5 0
 11.5 0 11.5 -52.4
 11.5 0 11.5 52.3999999999999
 11.5 52.3999999999999 12.8999999999999 51
 11.5 -52.4 12.8999999999999 -51
 12.8999999999999 51 12.8999999999999 -51
 -5 55 -4 55
 -5 -55 -4 -55
 49 0 49 56
 48.0000020824592 57.0020408120766 49 56
 49 0 49 -56
 49 -56 48.0000020824591 -57.0020408120767
 0 57.5989806330684 0 61.5
 0.498979593961565 57.0989816742981 48.0000020824592 57.0020408120766
 0.498979593961565 -57.0989816742981 48.0000020824591 -57.0020408120767
 0 -57.5989806330685 0 -61.5
 -5 -62.5 -1 -62.5
 -5 62.5 -1 62.5
 8.09999999999997 52.3999999999999 11.5 52.3999999999999
 -5.5 52.5 8 52.5
 9.5 51 8 52.5
 11.5 50.7 9.5 50.7
 11.5 -50.7 9.5 -50.7
 11.5 -52.4 8.09999999999997 -52.4
 9.5 -51 8 -52.5
 -5.5 -52.5 8 -52.5
 -3.5 -54.5 -3.5 -51
 9.5 -51 -3.5 -51
 -3.5 51 -3.5 54.5
 9.5 51 -3.5 51
 -5 -52.5 -5 -52.6674682452695
 -5 -54.8325317547306 -5 -62.5
 -5 62.5 -5 54.8325317547305
 -5 52.6674682452694 -5 52.5
 12.8999999999999 50 49 50
 49 -50 12.8999999999999 -50
lt49
 0 57.5989806330684 0 -57.0989816742981
 -57.3224149377807 0 54.5 0
lt1
ci -26 11.5 1.5 89.9999999999999 180 1 0
ci -26 5.5 1.5 180 270 1 0
ci -24 9.5 1 89.9999999999999 180 1 0
ci -24 7.5 1 180 270 1 0
ci -7 12 1.5 270 0 1 0
ci -7 5 1.5 0 89.9999999999999 1 0
ci -12.5 15 2 270 0 1 0
ci -12.5 2 2 0 89.9999999999999 1 0
ci -2.5 42.7499999999999 3 89.9999999999999 180 1 0
ci -9.5 61.5 1 89.9999999999999 180 1 0
ci -4.5 53.75 1.25 0 0 0.8 89.9999999999999
ci -26 -11.5 1.5 180 270 1 0
ci -26 -5.5 1.5 89.9999999999999 180 1 0
ci -24 -9.5 1 180 270 1 0
ci -24 -7.5 1 89.9999999999999 180 1 0
ci -7 -12 1.5 0 89.9999999999999 1 0
ci -7 -5 1.5 270 0 1 0
ci -12.5 -15 2 0 89.9999999999999 1 0
ci -12.5 -2 2 270 0 1 0
ci -2.5 -42.75 3 179.999999999999 270 1 0
ci -9.5 -61.5 1 180 270 1 0
ci -4.5 -53.75 1.25 0 0 0.8 89.9999999999999
ci -1 61.5 1 0 89.9999999999999 1 0
ci -1 -61.5 1 270 0 1 0
ci 0.5 57.5989806330684 0.5 180 269.883070000055 1 0
ci 0.5 -57.5989806330685 0.5 90.1169299999448 180 1 0
ci -4 -54.5 0.5 270 0 1 0
ci -4 54.5 0.5 0 89.9999999999999 1 0
