lg0
ly1
lc108
lt49
cn0 8 8 0 6
cn"$<‚l‚r ƒSƒVƒbƒN>
lt1
 -4.98761280154626 74.361788233046 17.8576866032538 74.361788233046
 17.8576866032538 74.361788233046 19.0123871984537 72.361788233046
 -4.98761280154626 -65.0887877482518 -4.98761280154626 64.8123642143438
 -4.03946602721594 65.8110189309439 20.0137324818536 67.0599350073763
 -4.03946602721594 -66.0874424648519 20.0137324818536 -67.3363585412844
 -4.98761280154626 -74.638211766954 17.8576869952989 -74.638211766954
 19.0123871984537 -72.638211766954 17.8576869440723 -74.638211766954
 19.0123871984537 72.361788233046 21.0123871984537 72.361788233046
 19.0123871984537 -72.638211766954 21.0123871984537 -72.638211766954
 20.0137324818536 -67.3363585412844 20.0137324818536 67.0599350073763
 21.0123871984537 72.361788233046 21.0123871984537 -72.638211766954
 20.0137324818536 67.0599350073763 21.0123871984537 68.111788233046
 20.0137324818536 -67.3363585412844 21.0123871984537 -68.388211766954
 -35.9972277416943 5.9522652997782 -12.9683829212504 5.73083409958182
 -35.9972277416943 17.2713111663138 -12.9683829212502 17.4927423665102
 -33.0048516187972 8.94484407472269 -6.95313516704464 8.49567654969261
 -33.9876128015464 13.2788809908203 -33.9876128015464 9.9446954752717
 -33.0048516187972 14.2787323913693 -6.95313516704464 14.7278999163994
 -36.9876128015464 6.9522190751728 -36.9876128015464 16.2713573909192
 -10.9876128015463 -19.7690734512077 -10.9876128015463 -87.638211766954
 -35.9972277416943 -17.5477347002219 -12.9683829212504 -17.7691659004185
 -10.9876128015463 3.861788233046 -10.9876128015463 -4.00735008270069
 -35.9972277416943 -6.22868883368632 -12.9683829212502 -6.00725763348989
 -33.0048516187972 -14.5551559252775 -6.95313516704464 -15.0043234503077
 -33.9876128015464 -10.2211190091799 -33.9876128015464 -13.5553045247285
 -33.0048516187972 -9.22126760863093 -6.95313516704464 -8.77210008360068
 -36.9876128015464 -16.5477809248273 -36.9876128015464 -7.22864260908098
 -4.98761280154626 -78.638211766954 -4.98761280154626 -74.638211766954
 -4.98761280154626 -83.888211766954 -4.98761280154626 -79.638211766954
 -4.98761280154626 78.361788233046 -4.98761280154626 74.361788233046
 -4.98761280154626 83.611788233046 -4.98761280154626 79.361788233046
 -10.9876128015463 87.361788233046 -10.9876128015463 19.361788233046
 -0.987612801546263 -89.138211766954 -0.987612801546263 -83.888211766954
 -0.987612801546263 -83.888211766954 -4.98761280154626 -83.888211766954
 -4.98761280154626 83.611788233046 -0.987612801546263 83.611788233046
 -9.48761280154626 -89.138211766954 -0.987612801546263 -89.138211766954
 24.734074876872 73.6117883604521 24.7340748768967 72.5617882330459
 24.7289374413417 -72.838211766954 24.7340743931843 -73.888211766954
 24.7340748790682 -73.888211766954 24.7340748768813 73.6117883604361
 79.0123871984537 73.611788233046 24.734075029718 73.611788233046
 79.0123871984537 -73.888211766954 24.7340745479148 -73.888211766954
 -0.987612801546263 82.5117882330461 78.0123967686288 82.2661631911765
 -0.987612801546263 -82.7922117669537 78.0123967686288 -82.5425867250845
 79.0123871984537 -81.538211766954 78.0123967686288 -82.5425867250845
 79.0123871984537 81.2617882330461 79.0123871984537 -81.538211766954
 78.0123967686288 82.2661631911765 79.0123871984537 81.2617882330461
lt49
 -62.547112786999 -0.138211766954004 85.0123871984537 -0.138211766954004
lt1
 -0.987612801546263 88.861788233046 -0.987612801546263 83.611788233046
 -0.987612801546263 88.861788233046 -9.48761280154626 88.861788233046
lt49
 -38.3459899942772 11.611788233046 -0.987612801546263 11.611788233046
lt1
 -0.987612801546263 83.611788233046 -0.987612801546263 74.361788233046
 18.8969171389338 72.5617882330459 24.7340748768813 72.5617882330459
 -4.98761280154626 74.361788233046 -4.98761280154626 72.361788233046
 21.0123871984537 72.361788233046 -4.98761280154626 72.361788233046
 24.0123871984537 74.861788233046 24.7340748768813 73.6117883604361
 -0.987612801546263 74.861788233046 24.0123871984537 74.861788233046
 18.8969171730156 -72.838211766954 24.7289374413417 -72.838211766954
 -0.987612801546263 -74.638211766954 -0.987612801546263 -83.888211766954
 24.7340748790682 -73.888211766954 24.0123871984537 -75.138211766954
 -0.987612801546263 -75.138211766954 24.0123871984537 -75.138211766954
 21.0123871984537 -72.638211766954 -4.98761280154626 -72.638211766954
 -4.98761280154626 -74.638211766954 -4.98761280154626 -72.638211766954
lt49
 -0.987612801546263 74.861788233046 -0.987612801546263 -75.138211766954
lt1
ci -3.98761280154626 64.8123642143438 1 92.9723039683182 180 1 0
ci -3.98761280154626 -65.0887877482518 1 180 267.027696031682 1 0
ci -12.9876128015463 3.73092654879251 2 3.2569e-12 89.4490960207846 1 0
ci -12.9876128015463 19.4926499172994 2 270.550903979218 0 1 0
ci -32.9876128015464 9.9446954752717 1 180 269.012239600358 1 0
ci -32.9876128015464 13.2788809908203 1 90.9877603996413 180 1 0
ci -35.9876128015464 6.9522190751728 1 180 269.449096020781 1 0
ci -35.9876128015464 16.2713573909192 1 90.5509039792154 180 1 0
ci -6.98761280154626 6.4959737485946 2 0 89.012239600362 1 0
ci -6.98761280154626 16.7276027174975 2 270.987760399638 360 1 0
ci -12.9876128015463 -19.7690734512077 2 0 89.4490960207846 1 0
ci -12.9876128015463 -4.00735008270069 2 270.550903979218 360 1 0
ci -32.9876128015464 -13.5553045247285 1 180 269.012239600358 1 0
ci -32.9876128015464 -10.2211190091799 1 90.9877603996413 180 1 0
ci -35.9876128015464 -16.5477809248273 1 180 269.449096020781 1 0
ci -35.9876128015464 -7.22864260908098 1 90.5509039792154 180 1 0
ci -6.98761280154626 -17.0040262514057 2 0 89.012239600362 1 0
ci -6.98761280154626 -6.77239728250273 2 270.987760399638 360 1 0
ci -4.98761280154626 -79.138211766954 0.5 270 89.9999999999999 1 0
ci -4.98761280154626 78.861788233046 0.5 270 89.9999999999999 1 0
ci -9.48761280154626 -87.638211766954 1.5 180 270 1 0
ci -9.48761280154626 87.361788233046 1.5 89.9999999999999 180 1 0
