lg0
ly1
lc108
lt49
cn0 8 8 0 6
cn"$<‚l‚r ƒSƒVƒbƒN>
lt1
 16.5 65 16.5 -65
 16.5 62.5 64 62.5
 16.5 65 18.5 65
 18.5 65 21 62.5
 62 70 64 68
 64 68 64 -68
 62 -70 64 -68
 -6 -68.7499999999999 -3.5 -68.7499999999999
 16.5 -62.5 64 -62.5
 16.5 -65 18.5 -65
 18.5 -65 21 -62.5
 21 62.5 21 -62.5
 -6 75 -1 75
 -11.5 75 -6.5 75
 -6 68.7499999999999 -3.5 68.7499999999999
 0 70 62 70
 0 -70 62 -70
 -5.5 54.45 16.5 54.45
 -5.5 -54.45 16.5 -54.45
 0 74 0 70
 0 -70 0 -74
 -6 -75 -1 -75
 -11.5 -75 -6.5 -75
 -35.5 14 -35.5 6
 -35.5 -5.99999999999989 -35.5 -13.9999999999999
 -12.5 74 -12.5 17
 -34.5 15 -14.5 15
 -34.5 5 -14.5 5
 -34.5 -4.99999999999989 -14.5 -4.99999999999989
 -12.5 3 -12.5 -2.99999999999989
 -34.5 -14.9999999999999 -14.5 -14.9999999999999
 -12.5 -16.9999999999999 -12.5 -74
 -6.5 53.45 -6.5 -53.45
lt49
 -47.4389104171415 0 67.4678595851379 0
lt1
 18.5 65 18.5 -65
 -1.5 65 -1.5 62.5
 16.5 62.5 -1.5 62.5
 -3.5 68.7499999999999 -3.5 63.3
 -3.5 65 16.5 65
 -1.5 63.3 -6.5 63.3
 -6.5 75 -6.5 63.3
 -6 75 -6 66.5725424859374
 -6 63.7774575140626 -6 63.3
 -1.5 -65 -1.5 -62.5
 16.5 -62.5 -1.5 -62.5
 -3.5 -63.3 -3.5 -68.7499999999999
 -1.5 -63.3 -6.5 -63.3
 -6.5 -63.3 -6.5 -75
 -3.5 -65 16.5 -65
 -6 -66.5725424859374 -6 -75
 -6 -63.3 -6 -63.7774575140626
 -8.5 -12.4999999999999 -33 -12.4999999999999
 -8.5 -7.49999999999989 -33 -7.49999999999989
 -8.5 7.5 -33 7.5
 -8.5 12.5 -33 12.5
 -33 -7.49999999999989 -33 -12.4999999999999
 -33 12.5 -33 7.5
lt49
 0 70 0 -70
lt1
ci -1 74 1 0 89.9999999999999 1 0
ci -11.5 74 1 89.9999999999999 180 1 0
ci -5.5 53.45 1 89.9999999999999 180 1 0
ci -5.5 -53.45 1 180 270 1 0
ci -1 -74 1 270 0 1 0
ci -11.5 -74 1 180 270 1 0
ci -34.5 14 1 89.9999999999999 180 1 0
ci -34.5 6 1 180 270 1 0
ci -34.5 -5.99999999999989 1 89.9999999999999 180 1 0
ci -34.5 -13.9999999999999 1 180 270 1 0
ci -14.5 17 2 270 0 1 0
ci -14.5 3 2 0 89.9999999999999 1 0
ci -14.5 -2.99999999999989 2 270 0 1 0
ci -14.5 -16.9999999999999 2 0 89.9999999999999 1 0
ci -5 65.175 1.87499999999996 0 0 0.800000000000018 90.0000000000021
ci -5 -65.175 1.87499999999996 0 0 0.800000000000018 89.9999999999977
ci -8.5 -14.4999999999999 2 0 89.9999999999999 1 0
ci -8.5 -5.49999999999989 2 270 0 1 0
ci -8.5 5.5 2 0 89.9999999999999 1 0
ci -8.5 14.5 2 270 0 1 0
