lg0
ly1
lc108
lt49
cn0 8 8 0 6
cn"$<‚l‚r ƒSƒVƒbƒN>
lt1
 -27 -9.2053789235095 -27 -16.7946210764904
 -3 91.5 22 91.5
 -3 -91.5 22 -91.5
 20 97 17.9792740578364 100.5
 -4 100.5 17.9792740578364 100.5
 0 100.5 0 111
 0 111 -4 111
 112 -107 112 107
 112 98.5 111 97.5
 111 97.5 111 -97.5
 111 108 112 107
 112 -98.5 111 -97.5
 112 -107 111 -108
 20 97 25 97
 25 97 25 100.5
 17.9792740578364 100.5 25 100.5
 25 97.5 111 97.5
 -4 -111 -4 -97
 20 -97 17.9792740578364 -100.5
 -4 -100.5 17.9792740578364 -100.5
 20 -97 -4 -97
 0 -100.5 0 -111
 0 -111 -4 -111
 20 -97 25 -97
 25 -97 25 -100.5
 17.9792740578364 -100.5 25 -100.5
 25 -97.5 111 -97.5
 22 97 22 -97
 -1 111 -1 117.5
 0 108 111 108
 -1 -111 -1 -117.5
 0 -108 111 -108
 -4 105 -3 105.5
 -3 105.5 -4 106
 -4 -105 -3 -105.5
 -3 -105.5 -4 -106
 -4 90.5 -4 -90.5
 -27 -16.7946210764904 -4.94766404375696 -17.9503350319603
 -26.052335956243 16.8442860445302 -4.94766404375696 17.9503350319604
 -27 10.1543434902244 -27 15.8456565097757
 -26.052335956243 9.15571395546993 -14.947664043757 8.57374276086989
 -14 7.57511322611532 -14 -7.57511322611521
 -27 -9.2053789235095 -14.947664043757 -8.57374276086978
 -41 19.0510354332851 -41 6.94896456671501
 -41 -6.94896456671489 -41 -19.051035433285
 -40.052335956243 -20.0496649680396 -12.8953280875141 -21.4729034424112
 -40.052335956243 5.95033503196044 -22.8953280875141 5.05117435041899
 -21 3.05391528090973 -21 -3.05391528090956
 -40.052335956243 -5.95033503196026 -22.8953280875141 -5.05117435041888
 -40.052335956243 20.0496649680397 -12.8953280875141 21.4729034424113
 -9 117.5 -1 117.5
 -11 115.5 -11 23.4701625119206
 -9 -117.5 -1 -117.5
 -11 -23.4701625119205 -11 -115.5
lt49
 -58.0004990518015 0 119.908427048342 0
lt1
 -4 111 -4 97
 20 97 -4 97
lt49
 0 100.5 0 -100.5
lt1
ci -3 90.5 1 89.9999999999999 180 1 0
ci -3 -90.5 1 180 270 1 0
ci -5 18.948964566715 1 273.000000000005 0 1 0
ci -5 -18.9489645667149 1 0 86.9999999999946 1 0
ci -26 15.8456565097757 1 93.0000000000058 180 1 0
ci -26 10.1543434902244 1 180 266.999999999994 1 0
ci -15 7.57511322611543 1 359.999999999993 86.9999999999943 1 0
ci -15 -7.57511322611521 1 273.000000000005 0 1 0
ci -40 19.0510354332851 1 93.0000000000054 180 1 0
ci -40 6.94896456671501 1 180 266.999999999994 1 0
ci -40 -6.94896456671489 1 93.0000000000054 180 1 0
ci -40 -19.051035433285 1 180 266.999999999994 1 0
ci -13 -23.4701625119205 2 0 87.0000000000011 1 0
ci -23 3.05391528090973 2 0 87.0000000000011 1 0
ci -23 -3.05391528090956 2 272.999999999999 0 1 0
ci -13 23.4701625119206 2 272.999999999999 0 1 0
ci -9 115.5 2 89.9999999999999 180 1 0
ci -9 -115.5 2 180.000000000001 270 1 0
