lg0
ly1
lc108
lt49
cn0 8 8 0 6
cn"$<‚l‚r ƒSƒVƒbƒN>
lt1
 -11.0000000000002 20.4485331427118 -11 139.5
 -12.4476507565337 18.9494469021277 -42.497492549614 18.9996792972585
 -34.4981395261279 10.9867190513036 -4.4476507565339 10.9494469231607
 -44.0000000000006 -17.4996813930292 -44.0000000000006 17.4996813930291
 -36.0000000000003 9.48672020509167 -36.0000000000003 -9.48672020509181
 0 141 -9.5 141
 -3 135.5 0 135.5
 -3 127.5 -2.70000000000005 127.5
 -3 126.5 -2.70000000000005 126.5
 0 121.75 0 126
 -3 121.75 17.9328369919726 121.75
 -3 119.7 18.9999996832096 119.7
 -3 119.7 -3 121.75
 17.9328369919726 121.75 18.9999996832096 119.7
 -1.50000000000091 111.25 21 111.25
 18.9999996832096 119.7 21 119.7
 -11.0000000000002 -20.4485331427119 -11 -139.5
 -12.4476507565337 -18.9494469021278 -42.497492549614 -18.9996792972586
 -34.4981395261279 -10.9867190513037 -4.4476507565339 -10.9494469231608
 0 -141 -9.5 -141
 -3 -135.5 0 -135.5
 -3 -127.5 -2.70000000000005 -127.5
 -3 -126.5 -2.70000000000005 -126.5
 0 -121.75 0 -126
 -3 -121.75 17.9328369919726 -121.75
 -3 -119.7 18.9999996832096 -119.7
 -3 -119.7 -3 -121.75
 17.9328369919726 -121.75 18.9999996832096 -119.7
 -1.50000000000091 -111.25 21 -111.25
 18.9999996832096 -119.7 21 -119.7
 21 119.7 21 -119.7
 -3.00000000000045 109.75 -3.00000000000045 -109.75
 -3 127.5 -3 135.5
 -3 121.75 -3 126.5
 -3 -121.75 -3 -126.5
 -3 -127.5 -3 -135.5
 -3.00000000000045 120 140 120
 140 -2.8421709430404e-13 140 130.5
 -4.54747350886464e-13 133.5 137 133.5
 140 130.5 137 133.5
 -3.00000000000091 -120 139.999999999999 -120
 140 -2.8421709430404e-13 139.999999999999 -130.5
 -9.09494701772928e-13 -133.5 136.999999999999 -133.5
 139.999999999999 -130.5 136.999999999999 -133.5
 0 120 0 141
 0 -120 0 -141
ly2
lt49
 -61.9131432061914 0 157.083219041062 0
ly1
 0 120 0 -120
lt1
ci -9.5 139.5 1.5 89.9999999999999 180 1 0
ci -9.5 139.5 1.5 89.9999999999999 180 1 0
ci -4.50000000000045 12.4485331637448 1.5 271.999999939336 0 1 0
ci -12.5000000000002 20.4485331427118 1.5 271.999999939336 0 1 0
ci -42.5000000000006 17.4996813930291 1.5 89.9042224057338 179.999999999998 1 0
ci -34.5000000000003 9.48672020509167 1.5 89.9289351145906 180.000000000002 1 0
ci -2.70000000000005 127 0.5 270 89.9999999999999 1 0
ci -1.50000000000091 109.75 1.5 89.9999999999999 180 1 0
ci -9.5 -139.5 1.5 180 270 1 0
ci -9.5 -139.5 1.5 180 270 1 0
ci -4.50000000000045 -12.4485331637449 1.5 0 88.0000000606636 1 0
ci -12.5000000000002 -20.4485331427119 1.5 0 88.0000000606636 1 0
ci -42.5000000000006 -17.4996813930291 1.5 180.000000000002 270.095777594266 1 0
ci -34.5000000000003 -9.48672020509181 1.5 179.999999999998 270.071064885409 1 0
ci -2.70000000000005 -127 0.5 270 89.9999999999999 1 0
ci -1.50000000000091 -109.75 1.5 180 270 1 0
