lg0
ly1
lc108
lt49
cn0 8 8 0 6
cn"$<‚l‚r ƒSƒVƒbƒN>
lt1
 20.8 -141.500090843043 20.8000000000002 -9.08430434947149e-05
 20.8000000000004 141.499909156957 20.8000000000002 -9.08430434947149e-05
 0 -169.000028704634 0 -162.000090843043
 -4.49999999999955 -152.500090843043 -4.0499999999995 -152.500090843043
 -4.0499999999995 -150.900090843043 -4.49999999999955 -150.900090843043
 -4.49999999999955 -162.000090843043 -4.49999999999955 -152.500090843043
 0 -162.000090843043 -4.49999999999955 -162.000090843043
 0 169.000028704634 0 162.000090843043
 -4.49999999999955 152.500090843043 -4.0499999999995 152.500090843043
 -4.0499999999995 150.900090843043 -4.49999999999955 150.900090843043
 -4.49999999999955 162.000090843043 -4.49999999999955 152.500090843043
 0 162.000090843043 -4.49999999999955 162.000090843043
 -38.5 -12 -5.49999999999977 -12.0000000000001
 -39.4999999999998 -9.08430433810281e-05 -39.4999999999998 -11.0000000000001
 -38.5 12.0000000000001 -5.49999999999977 12.0000000000002
 -39.4999999999998 9.08430434947149e-05 -39.4999999999998 11.0000000000002
 -11.9999999999998 -167.499961727124 -11.9999999999995 -21.0000000000001
 -10.5000095682112 -168.999961727094 0 -169.000028704634
 -46.9999999999998 -17.5 -46.9999999999998 -9.08430432673413e-05
 -13.9999999999995 -19.0000000000001 -45.5 -19
 -46.9999999999998 17.5000000000001 -46.9999999999998 9.08430434378715e-05
 -13.9999999999995 19.0000000000002 -45.4999999999998 19.0000000000001
 -11.9999999999998 167.499961727124 -11.9999999999995 21.0000000000002
 -10.500009568211 168.999961727094 0 169.000028704634
 18.1507333548834 143.000090843043 19.3 143.000090843043
 -4.49999999999955 144.75 17.2397883729207 144.75
 18.1507333548834 143.000090843043 17.2397883729207 144.75
 -4.49999999999955 150.900090843043 -4.49999999999955 144.75
 -4.49999999999955 144.75 -4.49999999999955 143
 -4.49999999999955 143 18.1507333548834 143.000090843043
 -4.49999999999955 -144.75 17.2397883729207 -144.75
 18.1507333548834 -143.000090843043 17.2397883729207 -144.75
 -4.49999999999955 -150.900090843043 -4.49999999999955 -143
 -4.49999999999955 -143 18.1507333548834 -143.000090843043
 18.1507333548834 -143.000090843043 19.3 -143.000090843043
 -4.49999999999932 13.0000000000002 -4.49999999999932 -13.0000000000001
 -4.49999999999977 132.25 -4.49999999999977 13.0000000000002
 20.8 132.25 -4.49999999999977 132.25
 -4.49999999999977 -132.25 -4.49999999999977 -13.0000000000001
 20.8 -132.25 -4.49999999999977 -132.25
 170.000000000001 156.000090843043 167.000000000001 159.000090843043
 6.82121026329696e-13 159.000090843043 167.000000000001 159.000090843043
 170 9.0843043096811e-05 170.000000000001 156.000090843043
 170 -155.999909156957 167 -158.999909156957
 0 -158.999909156956 167 -158.999909156957
 170 9.0843043096811e-05 170 -155.999909156957
 18.1507332131505 143.000090843043 170.000000000001 143.000090843043
 0 162.000090843043 0 143.000018047702
 18.1507333548834 -142.999909156956 170 -142.999909156957
 0 -162.000090843043 0 -143.000018047702
ly3
lt49
 -58.7524976349459 0 188.551318740991 0
ly1
 0 143.000018047702 0 -143.000018047702
lt1
ci 19.3 -141.500090843043 1.5 270 0 1 0
ci -13.9999999999995 -21.0000000000001 2 359.999999999998 89.9999999999999 1 0
ci -4.0499999999995 -151.700090843043 0.8 270 0 1 0
ci -4.0499999999995 -151.700090843043 0.8 0 89.9999999999999 1 0
ci 19.3 141.500090843043 1.5 0 89.9999999999999 1 0
ci -13.9999999999995 21.0000000000002 2 270 1.64845914696343e-12 1 0
ci -4.0499999999995 151.700090843043 0.8 0 89.9999999999999 1 0
ci -4.0499999999995 151.700090843043 0.8 270 0 1 0
ci -38.5 -11 1 180.000000000003 270 1 0
ci -5.49999999999977 -13.0000000000001 1 0 89.9999999999999 1 0
ci -38.5 11.0000000000001 1 89.9999999999999 179.999999999997 1 0
ci -5.49999999999977 13.0000000000002 1 270 0 1 0
ci -10.4999999999998 -167.499961727124 1.5 180 269.999634521244 1 0
ci -45.4999999999998 -17.5 1.5 180 269.999999999991 1 0
ci -45.4999999999998 17.5000000000001 1.5 89.9999999999999 180 1 0
ci -10.4999999999998 167.499961727124 1.5 90.0003654787471 180.000000000004 1 0
