lg0
ly0
lc1
lt5
cn0 8 8 0 6
cn"$<‚l‚r ƒSƒVƒbƒN>
ly1
lc108
lt1
 23 30 24 29
 0 30 0 33.5
 0 30 23 30
 8.5 0 8.5 27.75
 8.5 27.75 10.15 26.1
 10.15 26.1 24 26.1
 -3 34.5 -1 34.5
 -6 34.5 -3.5 34.5
 -3 30.5 -1.5 30.5
 -3.5 27.75 8.5 27.75
 -3 27.75 -3 34.5
 -2.5 22.5 8.5 22.5
 -3.5 27.75 -3.5 34.5
 -19 9 -9 9
 -20 8 -20 5
 -19 4 -9 4
 -1.5 26.75 -1.5 30.5
 -1.5 26.75 9.5 26.75
 -7 11 -7 33.5
 24 0 24 29
 -7 0 -7 2
 23 -29.9999999999999 24 -28.9999999999999
 0 -29.9999999999999 0 -33.5
 0 -29.9999999999999 23 -29.9999999999999
 8.5 0 8.5 -27.75
 8.5 -27.75 10.15 -26.1
 10.15 -26.1 24 -26.1
 -3 -34.5 -1 -34.5
 -6 -34.5 -3.5 -34.5
 -3 -30.5 -1.5 -30.5
 -3.5 -27.75 8.5 -27.75
 -3 -27.75 -3 -34.5
 -2.5 -22.4999999999999 8.5 -22.4999999999999
 -3.5 -27.75 -3.5 -34.5
 -19 -8.99999999999991 -9 -8.99999999999991
 -20 -7.99999999999991 -20 -4.99999999999991
 -19 -3.99999999999991 -9 -3.99999999999991
 -1.5 -26.75 -1.5 -30.5
 -1.5 -26.75 9.5 -26.75
 -7 -10.9999999999999 -7 -33.5
 24 0 24 -28.9999999999999
 -7 0 -7 -1.99999999999991
 -3.5 0 -3.5 -21.4999999999999
 -3.5 0 -3.5 21.5
lt49
 -29.8567835161895 0 30 0
lt1
ci -1 33.5 1 0 89.9999999999999 1 0
ci -6 33.5 1 89.9999999999999 180 1 0
ci -2.5 21.5 1 89.9999999999999 180 1 0
ci -19 8 1 89.9999999999999 180 1 0
ci -19 5 1 180 270 1 0
ci -2.25 29.125 1.375 0 0 0.545454545454545 89.9999999999999
ci -9 11 2 270 0 1 0
ci -9 2 2 0 89.9999999999999 1 0
ci -1 -33.5 1 270 0 1 0
ci -6 -33.5 1 180 270 1 0
ci -2.5 -21.4999999999999 1 180 270 1 0
ci -19 -7.99999999999991 1 180 270 1 0
ci -19 -4.99999999999991 1 89.9999999999999 180 1 0
ci -2.25 -29.125 1.375 0 0 0.545454545454545 89.9999999999992
ci -9 -10.9999999999999 2 0 89.9999999999999 1 0
ci -9 -1.99999999999991 2 270 0 1 0
