lg0
ly1
lc108
lt49
cn0 8 8 0 6
cn"$<‚l‚r ƒSƒVƒbƒN>
lt1
 -21.5 10.7499999999998 -9.5 10.7499999999998
 -21.5 -10.75 -9.5 -10.75
 -7.5 44 -4.5 44
 -4 44 -1 44
 -7.5 -44 -4.5 -44
 -4 -44 -1 -44
 -8.5 11.7499999999998 -8.5 43
 -8.5 -2.75 -8.5 2.7499999999998
 -8.5 -43 -8.5 -11.75
 -22.5 9.7499999999998 -22.5 4.7499999999998
 -21.5 3.7499999999998 -9.5 3.7499999999998
 -21.5 -3.75 -9.5 -3.75
 -22.5 -4.75 -22.5 -9.75
 -20.5 7.7499999999998 -20.5 6.7499999999998
 -20.5 -6.75 -20.5 -7.75
 -19.5 8.7499999999998 -5.5 8.7499999999998
 -19.5 5.7499999999998 -5.5 5.7499999999998
 -19.5 -8.75 -5.5 -8.75
 -19.5 -5.75 -5.5 -5.75
 0 43 0 38
 0 -38 0 -43
 8.5 33.3 34 33.3
 8.5 -33.3 34 -33.3
 8.5 35 -4.5 35
 -4.5 -35 8.5 -35
 8.5 35 8.5 -35
 -4.5 44 -4.5 35
 -4.5 -35 -4.5 -44
 -3.5 28.4 8.5 28.4
 -4.5 27.4 -4.5 -27.4
 -3.5 -28.4 8.5 -28.4
 8.5 35 10.2140881539354 33.2859118460646
 8.5 -35 10.1999999999999 -33.3
 0 38 33 38
 33 38 34 37
 0 -38 33 -38
 34 37 34 -37
 33 -38 34 -37
 -2 38.5 -2 33.5
 -2 33.5 10 33.5
 -2 -38.5 -2 -33.5
 -2 -33.5 10 -33.5
 -4 44 -4 38.5
 -2 38.5 -4 38.5
 -3.53737593869621 35.0484104989307 -2.0061524696147 36.5796339680122
 -4.26700337577151 35.7329966242285 -2.2329966242286 37.7670033757715
 -4.49384753038541 36.9203660319877 -2.96262406130381 38.4515895010692
 -3.53737593869621 -35.0484104989307 -2.0061524696147 -36.5796339680122
 -4.26700337577151 -35.7329966242284 -2.2329966242286 -37.7670033757715
 -4.49384753038541 -36.9203660319876 -2.96262406130381 -38.4515895010692
 -4 -38.5 -2 -38.5
 -4 -38.5 -4 -44
lt49
 -28.7545474960701 0 41.7020828654839 0
 0 38 0 -38
lt1
ci -1 43 1 0 89.9999999999999 1 0
ci -1 -43 1 270 0 1 0
ci -7.5 43 1 89.9999999999999 180 1 0
ci -7.5 -43 1 180 270 1 0
ci -21.5 9.7499999999998 1 89.9999999999999 180 1 0
ci -21.5 -9.75 1 180 270 1 0
ci -9.5 11.7499999999998 1 270 0 1 0
ci -9.5 2.7499999999998 1 0 89.9999999999999 1 0
ci -9.5 -2.75 1 270 0 1 0
ci -9.5 -11.75 1 0 89.9999999999999 1 0
ci -21.5 4.7499999999998 1 180 270 1 0
ci -21.5 -4.75 1 89.9999999999999 180 1 0
ci -19.5 7.7499999999998 1 89.9999999999999 180 1 0
ci -19.5 6.7499999999998 1 180 270 1 0
ci -19.5 -6.75 1 89.9999999999999 180 1 0
ci -19.5 -7.75 1 180 270 1 0
ci -5.5 9.7499999999998 1 270 0 1 0
ci -5.5 4.7499999999998 1 0 89.9999999999999 1 0
ci -5.5 -9.75 1 0 89.9999999999999 1 0
ci -5.5 -4.75 1 270 0 1 0
ci -3.5 27.4 1 89.9999999999999 180 1 0
ci -3.5 -27.4 1 180 270 1 0
ci -3.25 36.75 1.75 0 0 0.714285714285714 89.9999999999999
ci -3.25 -36.75 1.75 0 0 0.714285714285714 89.9999999999999
