lg0
ly1
lc108
lt49
cn0 8 8 0 6
cn"$<‚l‚r ƒSƒVƒbƒN>
lt1
 38 44.5 39 43.5
 -26.5 4.75 -26.5 9.75
 -25.5 10.75 -12.5 10.75
 -25.5 3.75 -12.5 3.75
 -24.5 5.75 -24.5 8.75
 -24.5 8.75 -8.5 8.75
 -24.5 5.75 -8.5 5.75
 9.5 39.25 39 39.25
 9.5 41.25 9.5 0
 13.5 41.25 15.4874173632254 39.2625826367746
 9.5 39.25 -3 39.25
 9.5 41.25 13.5 41.25
 -3 39.25 -3 44.1
 -5 44.1 -3 44.1
 -5.5 41.25 9.5 41.25
 -5 44.1 -5 50
 0 45.5 0 49
 1 44.5 38 44.5
 -5.5 41.25 -5.5 50
 -4.5 35 9.5 35
 -9.5 49 -9.5 13.75
 -9.5 0.75 -9.5 0
 -5.5 0 -5.5 34
 39 43.5 39 -43.5
 39 -43.5 38 -44.5
 -8.5 50 -5.5 50
 -5 50 -1 50
 -26.5 -4.75 -26.5 -9.75
 -25.5 -10.75 -12.5 -10.75
 -25.5 -3.75 -12.5 -3.75
 -24.5 -5.75 -24.5 -8.75
 -24.5 -8.75 -8.5 -8.75
 -24.5 -5.75 -8.5 -5.75
 9.5 -39.25 39 -39.25
 9.5 -41.25 9.5 0
 13.5 -41.25 15.4874173632254 -39.2625826367746
 9.5 -39.25 -3 -39.25
 9.5 -41.25 13.5 -41.25
 -3 -39.25 -3 -44.1
 -5 -44.1 -3 -44.1
 -5.5 -41.25 9.5 -41.25
 -5 -44.1 -5 -50
 0 -45.5 0 -49
 1 -44.5 38 -44.5
 -5.5 -41.25 -5.5 -50
 -4.5 -35 9.5 -35
 -9.5 -49 -9.5 -13.75
 -9.5 -0.75 -9.5 0
 -5.5 0 -5.5 -34
 -8.5 -50 -5.5 -50
 -5 -50 -1 -50
lt49
 -39.1320458118122 0 50.5 0
 0 45.5 0 -45.5
lt1
ci -8.5 49 1 89.9999999999999 180 1 0
ci -25.5 9.75 1 89.9999999999999 180 1 0
ci -25.5 4.75 1 180 270 1 0
ci -1 49 1 0 89.9999999999999 1 0
ci 1 45.5 1 180 270 1 0
ci -4.5 34 1 89.9999999999999 180 1 0
ci -8.5 11.75 3 270 0 1 0
ci -8.5 2.75 3 0 89.9999999999999 1 0
ci -12.5 13.75 3 270 0 1 0
ci -12.5 0.75 3 0 89.9999999999999 1 0
ci -4.25 42.675 1.425 0 0 0.877192982456142 89.9999999999999
ci -8.5 -49 1 180 270 1 0
ci -25.5 -9.75 1 180 270 1 0
ci -25.5 -4.75 1 89.9999999999999 180 1 0
ci -1 -49 1 270 0 1 0
ci 1 -45.5 1 89.9999999999999 180 1 0
ci -4.5 -34 1 180 270 1 0
ci -8.5 -11.75 3 0 89.9999999999999 1 0
ci -8.5 -2.75 3 270 0 1 0
ci -12.5 -13.75 3 0 89.9999999999999 1 0
ci -12.5 -0.75 3 270 0 1 0
ci -4.25 -42.675 1.425 0 0 0.877192982456142 89.9999999999999
