lg0
lya
lc6
lt1
367.31461447389 1716.86824151861 285.41626604880 1634.61986962465
313.46002710273 1770.49364052954 231.56167867763 1688.24526863559
lt1
289.45536010163 1630.59796469883 269.54283947299 1610.60034040597
227.52258462480 1692.26717356141 207.61006399616 1672.26954926855
lt2
285.41626604880 1634.61986962465 265.50374542015 1614.62224533179
231.56167867763 1688.24526863559 211.64915804899 1668.24764434273
lt1
lt1
289.45536010163 1630.59796469883 227.52258462480 1692.26717356141
lt1
141.35740247637 1557.34400430889 -776.42179925100 1557.34400430889
141.35740247637 1644.74400430889 -776.42179925100 1644.74400430889
lt2
141.35740247637 1563.04400430889 -776.42179925100 1563.04400430889
141.35740247637 1639.04400430889 -776.42179925100 1639.04400430889
lt1
lt1
-865.32179925100 1461.04400430889 -865.32179925100 1331.01808666778
-967.52179925100 1461.04400430889 -967.52179925100 1331.01808666778
lt2
-871.92179925100 1461.04400430889 -871.92179925100 1331.01808666778
-960.92179925100 1461.04400430889 -960.92179925100 1331.01808666778
lt1
lt1
-776.42179925100 1242.11808666778 -590.92683561038 1242.11808666778
-776.42179925100 1139.91808666778 -590.92683561038 1139.91808666778
lt2
-776.42179925100 1235.51808666778 -590.92683561038 1235.51808666778
-776.42179925100 1146.51808666778 -590.92683561038 1146.51808666778
lt1
lt1
-398.92683561038 1242.11808666778 -126.44771689211 1242.11808666778
-398.92683561038 1139.91808666778 -126.44771689211 1139.91808666778
lt2
-398.92683561038 1235.51808666778 -126.44771689211 1235.51808666778
-398.92683561038 1146.51808666778 -126.44771689211 1146.51808666778
lt1
-126.44771689211 1235.51808666778 216.67549694725 1235.51808666778
-126.44771689211 1146.51808666778 216.67549694725 1146.51808666778
lt1
-126.44771689211 1242.11808666778 -126.44771689211 1139.91808666778
401.17549694725 1051.01808666778 401.17549694725 1016.53385933741
312.17549694725 1051.01808666778 312.17549694725 1016.53385933741
401.17549694725 824.53385933741 401.17549694725 474.04400443533
312.17549694725 824.53385933741 312.17549694725 474.04400443533
401.17549694725 282.04400443533 401.17549694725 15.59046480622
312.17549694725 282.04400443533 312.17549694725 15.59046480622
401.17549694725 -176.40953519378 401.17549694725 -286.54607953419
312.17549694725 -176.40953519378 312.17549694725 -286.54607953419
401.17549694725 -478.54607953419 401.17549694725 -837.54333709616
312.17549694725 -478.54607953419 312.17549694725 -837.54333709616
342.17980793293 -979.97152963609 -808.98481724585 -2131.13615481487
279.24730440733 -917.03902611048 -871.91732077145 -2068.20365128926
-841.91300978577 -2210.63184382919 -841.91300978577 -2352.15018310754
-930.91300978577 -2210.63184382919 -930.91300978577 -2352.15018310754
-841.91300978577 -2544.15018310754 -841.91300978577 -2724.43185432769
-930.91300978577 -2544.15018310754 -930.91300978577 -2724.43185432769
627.84845882543 -886.40475564758 628.34845882543 -886.40475564758
627.84845882543 -962.40475564758 628.34845882543 -962.40475564758
714.59845554872 -799.40475564758 714.59845554872 -793.46903813565
790.59845554872 -799.40475564758 790.59845554872 -793.46903813565
685.42331133600 -723.03400929311 429.50749540947 -467.11819336658
739.16342670618 -669.29389392293 483.24761077965 -413.37807799640
169.56415884573 -171.78075792512 230.10338311486 -111.24153365599
223.30427421591 -225.52087329530 283.84349848504 -164.98164902617
666.58699021303 400.93541930695 666.58699021303 400.43541930695
590.58699021303 400.93541930695 590.58699021303 400.43541930695
525.78177034759 260.84724232696 525.28177034759 260.84724232696
525.78177034759 336.84724232696 525.28177034759 336.84724232696
416.65061120819 306.70700724102 416.29628681377 307.05978794276
470.27327787279 360.56431519247 469.91895347838 360.91709589421
13.34539554759 929.52571447208 34.82689000223 908.04422001745
-40.39471982259 875.78559910190 -18.91322536795 854.30410464727
105.26191869103 878.86907603533 178.01070188780 878.86907632965
105.26191899850 802.86907603533 178.01070219527 802.86907632965
243.06357885413 902.66206526162 243.41713226235 903.01561863459
296.80369154568 848.92194721281 297.15724495390 849.27550058578
99.12913000319 -276.95590213784 -250.41300978581 -276.95590213784
99.12913000319 -200.95590213784 -250.41300978581 -200.95590213784
lt1
-406.32421312522 1122.21659685833 -378.44910558347 1094.34148931659
-468.12534580092 1060.41546418263 -440.25023825918 1032.54035664088
lt2
-410.35472177798 1118.18608820557 -382.47961423624 1090.31098066382
-464.09483714816 1064.44597283539 -436.21972960641 1036.57086529364
lt1
lt1
-325.34458539369 966.13583645110 -325.34458539369 850.07807287098
-412.74458539369 966.13583645110 -412.74458539369 850.07807287098
lt2
-331.04458539369 966.13583645110 -331.04458539369 850.07807287098
-407.04458539369 966.13583645110 -407.04458539369 850.07807287098
lt1
-331.04458539369 850.07807287098 -331.04458539369 831.44801677750
-407.04458539369 850.07807287098 -407.04458539369 831.44801677750
lt1
-325.34458539369 850.07807287098 -412.74458539369 850.07807287098
-489.29073038704 -2531.15018310754 -489.29073038704 -2733.04601392019
-565.29073038704 -2531.15018310754 -565.29073038704 -2733.04601392019
-745.41300978577 -2368.15018310754 -652.29073038704 -2368.15018310754
-745.41300978577 -2444.15018310754 -652.29073038704 -2444.15018310754
lyb
lc6
lt5
428.58699021419 1832.25756498980 198.35740247637 1601.04400430889
198.35740247637 1601.04400430889 -916.42179925100 1601.04400430889
-916.42179925100 1601.04400430889 -916.42179925100 1191.01808666778
-916.42179925100 1191.01808666778 -536.92683561038 1191.01808666778
-536.92683561038 1191.01808666778 356.67549694725 1191.01808666778
356.67549694725 1191.01808666778 356.67549694725 962.53385933741
356.67549694725 962.53385933741 356.67549694725 420.04400443533
356.67549694725 420.04400443533 356.67549694725 -38.40953519378
356.67549694725 -38.40953519378 356.67549694725 -340.54607953419
356.67549694725 -340.54607953419 356.67549694725 -902.54333709616
356.67549694725 -902.54333709616 -886.41300978577 -2145.63184382919
-886.41300978577 -2145.63184382919 -886.41300978577 -2406.15018310754
-886.41300978577 -2406.15018310754 -886.41300978577 -2864.43185432769
503.59846210214 -924.40475564758 752.59845554872 -924.40475564758
752.59845554872 -924.40475564758 752.59845554872 -736.46903813565
752.59845554872 -736.46903813565 356.67549694725 -340.54607953419
156.12913000319 -238.95590213784 356.67549694725 -38.40953519378
628.58699021303 502.52359628695 628.58699021303 298.84724232696
628.58699021303 298.84724232696 478.40259008895 298.84724232696
478.40259008895 298.84724232696 356.67549694725 420.04400443533
-101.91300978582 991.04400443531 48.26191884477 840.86907580473
48.26191884477 840.86907580473 235.01070204154 840.86907656025
235.01070204154 840.86907656025 356.67549694725 962.53385933741
156.12913000319 -238.95590213784 -375.41300978581 -238.95590213784
-536.92683561038 1191.01808666778 -369.04458539369 1023.13583645110
-369.04458539369 1023.13583645110 -369.04458539369 706.44801677750
-527.29073038704 -2406.15018310754 -527.29073038704 -2858.04601392019
-886.41300978577 -2406.15018310754 -527.29073038704 -2406.15018310754
lc3
lt1
275.77398518547 1754.18856395700 351.17040750509 1679.11300534169
-359.03219838731 1662.22400430889 -359.03219838731 1539.86400430889
-987.96179925100 1396.03104548833 -844.88179925100 1396.03104548833
-726.67431743069 1119.47808666778 -726.67431743069 1262.55808666778
-90.12566933156 1128.71808666778 -90.12566933156 1253.31808666778
294.37549694725 1076.77597300260 418.97549694725 1076.77597300260
294.37549694725 691.28893188637 418.97549694725 691.28893188637
294.37549694725 190.81723462078 418.97549694725 190.81723462078
294.37549694725 -189.47780736398 418.97549694725 -189.47780736398
294.37549694725 -621.54470831517 418.97549694725 -621.54470831517
-101.74009109834 -1272.85342020591 -13.63458616250 -1360.95892514176
-516.10292667602 -1687.21625578359 -427.99742174018 -1775.32176071944
-948.71300978577 -2275.89101346837 -824.11300978577 -2275.89101346837
-948.71300978577 -2635.29101871761 -824.11300978578 -2635.29101871761
628.09845882543 -977.60475564758 628.09845882543 -871.20475564758
805.79845554872 -830.43689689162 699.39845554872 -830.43689689162
592.25505700711 -500.88947807580 517.01889548886 -576.12563959404
294.02039423435 -176.30079942494 218.78423271610 -101.06463790669
575.38699021303 400.68541930695 681.78699021303 400.68541930695
553.49479015099 352.04724232696 553.49479015099 245.64724232696
455.07491018333 397.14573894716 380.00317685288 321.74550781514
-64.44362622965 878.33845936090 10.79253528860 953.57462087914
141.63631065838 787.66907618249 141.63631022792 894.06907618249
333.46117837848 864.08338531466 258.22502061031 939.31955058300
-109.64193989131 -185.75590213784 -109.64193989131 -292.15590213784
-496.24650337503 1063.81616868645 -409.72491762904 1150.33775443243
-430.22458539369 864.79192661430 -307.86458539369 864.79192661430
-580.49073038705 -2632.09809851386 -474.09073038704 -2632.09809851386
-706.85187008641 -2459.35018310754 -706.85187008641 -2352.95018310754
lyc
lc6
lt1
lg0
lw0
cn3
cn"$< l r     >
#
369.79475692930 1714.40006498503 310.97917000306 1772.96535108117
394.49066436854 1739.20151969543 369.79475692930 1714.40006498503
394.49066436854 1739.20151969543 335.67507744231 1797.76680579157
335.67507744231 1797.76680579157 310.97917000306 1772.96535108117
401.65969652861 1859.07026449527 338.15664013934 1795.29580385294
455.51428389977 1805.44486548433 392.01122751050 1741.67040484200
ci 428.58699021419 1832.25756498980 38.00000000000
lyc
lc6
lt1
lg0
cn0 3.5 3.5 0.05 2
cn"$< l r  S V b N>
265.67396804533 1614.33761179520 240.67774333039 1589.83636182708
240.67774333039 1589.83636182708 213.91375166248 1616.60035349499
187.14975999456 1643.36434516290 211.65100996268 1668.36056987785
213.91375166248 1616.60035349499 187.14975999456 1643.36434516290
176.35740132535 1638.89394538157 141.35738342357 1639.24403394893
176.35747203603 1601.04400430889 176.35740132535 1638.89394538157
176.35740132535 1563.19406323621 141.35738342357 1562.84397466885
176.35740132535 1563.19406323621 176.35747203603 1601.04400430889
275.07848823511 1604.93309160542 238.66248900400 1641.34909083652
275.07848823511 1604.93309160542 243.25868308172 1573.11328645202
243.25868308172 1573.11328645202 206.84268385061 1609.52928568313
243.25868308172 1573.11328645202 236.18761526985 1573.11328645202
236.18761526985 1573.11328645202 203.30714994468 1605.99375177720
238.66248900400 1641.34909083652 202.24648977290 1677.76509006763
206.84268385061 1609.52928568313 188.89207110341 1627.47989843033
203.30714994468 1605.99375177720 192.98261312189 1616.31828859998
141.35738342357 1601.04400430889 141.35738342357 1652.54400539627
186.35737613557 1601.04400430889 186.35737613557 1626.84930060287
191.35746960669 1601.04400430889 191.35746960669 1615.11019666432
141.35738342357 1549.54400322151 141.35738342357 1601.04400430889
186.35737613557 1549.54400322151 141.35738342357 1549.54400322151
186.35737613557 1549.54400322151 186.35737613557 1601.04400430889
191.35739889601 1554.54402598196 186.35737613557 1549.54400322151
191.35739889601 1554.54402598196 191.35746960669 1601.04400430889
202.24648977290 1677.76509006763 177.02540510154 1652.54400539627
177.02540510154 1652.54400539627 141.35738342357 1652.54400539627
272.25006111037 1602.10466448067 235.83406187926 1638.52066371178
235.83406187926 1638.52066371178 199.41806264815 1674.93666294288
145.35738342357 1601.04400430889 145.35738342357 1652.54400539627
145.35738342357 1549.54400322151 145.35738342357 1601.04400430889
ci 168.79892480921 1672.40465498081 120.00000000000 280.83534000000 304.16459000000 1 0
lyc
lc6
lt1
lg0
cn0 4 4 0 8
cn"$< l r  S V b N>
-854.42179925100 1663.04400430889 -854.42179925100 1681.04400430889
-854.42179925100 1663.04400430889 -836.42179925100 1663.04400430889
-870.75999902368 1539.04400430889 -836.42179925100 1539.04400430889
-861.97457709964 1655.49122646025 -854.42179925100 1663.04400430889
-833.42179924947 1539.04400430913 -836.42179924947 1539.04400430913
-836.42179924947 1663.04400430913 -833.42179924947 1663.04400430913
-830.42179924947 1660.04400430913 -830.42179924947 1542.04400430913
-978.42179924947 1684.04400430913 -978.42179924947 1681.04400430913
-854.42179924947 1681.04400430913 -854.42179924947 1684.04400430913
-857.42179924947 1687.04400430912 -975.42179924948 1687.04400430913
-978.42179925100 1663.04400430889 -978.42179925100 1681.04400430889
-854.42179925100 1663.04400430889 -854.42179925100 1681.04400430889
-854.42179925100 1663.04400430889 -836.42179925100 1663.04400430889
-870.75999902368 1539.04400430889 -836.42179925100 1539.04400430889
-861.97457709964 1655.49122646025 -854.42179925100 1663.04400430889
-833.42179924947 1539.04400430913 -836.42179924947 1539.04400430913
-836.42179924947 1663.04400430913 -833.42179924947 1663.04400430913
-830.42179924947 1660.04400430913 -830.42179924947 1542.04400430913
-978.42179924947 1684.04400430913 -978.42179924947 1681.04400430913
-854.42179924947 1681.04400430913 -854.42179924947 1684.04400430913
-857.42179924947 1687.04400430912 -975.42179924948 1687.04400430913
-978.42179925100 1646.70580453621 -978.42179925100 1681.04400430889
-978.42179925096 1734.04400430872 -978.42179925096 1741.04400430872
-978.42179925096 1741.04400430872 -854.42179925096 1741.04400430872
-854.42179925096 1741.04400430872 -854.42179925096 1734.04400430872
-854.42179925096 1734.04400430872 -978.42179925096 1734.04400430872
-975.42179925096 1734.04400430872 -975.42179925096 1698.04400430872
-975.42179925096 1698.04400430872 -857.42179925096 1698.04400430872
-857.42179925096 1698.04400430872 -857.42179925096 1734.04400430872
-861.92179925096 1694.04400430872 -970.92179925096 1694.04400430872
-975.42179925096 1698.04400430872 -970.92179925096 1694.04400430872
-857.42179925096 1698.04400430872 -861.92179925096 1694.04400430872
-970.92179925096 1694.04400430872 -970.92179925096 1687.04400430872
-861.92179925096 1687.04400430872 -861.92179925096 1694.04400430872
-783.42179925236 1656.04400430885 -776.42179925236 1656.04400430885
-776.42179925236 1656.04400430885 -776.42179925236 1546.04400430885
-776.42179925236 1546.04400430885 -783.42179925236 1546.04400430885
-783.42179925236 1546.04400430885 -783.42179925236 1656.04400430885
-783.42179925236 1653.04400430885 -819.42179925236 1653.04400430885
-819.42179925236 1653.04400430885 -819.42179925236 1549.04400430885
-819.42179925236 1549.04400430885 -783.42179925236 1549.04400430885
-823.42179925236 1648.54400430885 -830.42179925236 1648.54400430885
-830.42179925236 1553.54400430885 -823.42179925236 1553.54400430885
-823.42179925236 1553.54400430885 -823.42179925236 1648.54400430885
-819.42179925236 1653.04400430885 -823.42179925236 1648.54400430885
-819.42179925236 1549.04400430885 -823.42179925236 1553.54400430885
ci -916.42179925100 1601.04400430889 53.50000000000
ci -916.42179925100 1601.04400430889 70.00000000000
ci -916.42179925100 1601.04400430889 77.00000000000
ci -833.42179924947 1542.04400430913 3.00000000000 89.99999999986 179.99999999993 1 180
ci -833.42179924947 1660.04400430913 3.00000000000 180.00000000007 270.00000000000 1 180
ci -975.42179924948 1684.04400430913 3.00000000000 269.99999999986 0.00000000000 1 180
ci -857.42179924947 1684.04400430913 3.00000000000 180.00000000000 270.00000000000 1 180
ci -916.42179925100 1601.04400430889 53.50000000000
ci -916.42179925100 1601.04400430889 70.00000000000
ci -916.42179925100 1601.04400430889 77.00000000000
ci -833.42179924947 1542.04400430913 3.00000000000 89.99999999986 179.99999999993 1 180
ci -833.42179924947 1660.04400430913 3.00000000000 180.00000000007 270.00000000000 1 180
ci -975.42179924948 1684.04400430913 3.00000000000 269.99999999986 0.00000000000 1 180
ci -857.42179924947 1684.04400430913 3.00000000000 180.00000000000 270.00000000000 1 180
lyc
lc6
lt1
lg0
cn0 3.5 3.5 0.05 2
cn"$< l r  S V b N>
-776.42179925100 1146.26808666778 -816.42179925100 1146.66808666778
-816.42179925100 1146.66808666778 -816.42179925100 1191.01808666778
-816.42179925100 1235.36808666778 -776.42179925100 1235.76808666778
-816.42179925100 1191.01808666778 -816.42179925100 1235.36808666778
-874.11709925100 1291.90038666778 -874.53159925100 1331.90018666778
-918.45789925100 1290.99738666778 -874.11709925100 1291.90038666778
-962.79869925100 1290.09438666778 -964.01299925100 1330.07788666778
-962.79869925100 1290.09438666778 -918.45789925100 1290.99738666778
-776.42179925100 1132.51808666778 -776.42179925100 1191.01808666778
-776.42179925100 1132.51808666778 -826.42179925100 1132.51808666778
-826.42179925100 1132.51808666778 -826.42179925100 1191.01808666778
-826.42179925100 1132.51808666778 -831.42179925100 1137.51808666778
-831.42179925100 1137.51808666778 -831.42179925100 1191.01808666778
-776.42179925100 1191.01808666778 -776.42179925100 1249.51808666778
-826.42179925100 1191.01808666778 -826.42179925100 1244.07128666778
-831.42179925100 1191.01808666778 -831.42179925100 1235.14348666778
-919.27229925100 1330.98908666778 -860.78439925100 1332.18018666778
-918.25429925100 1280.99938666778 -866.42649925100 1282.05488666778
-918.15249925100 1276.00048666778 -874.05019925100 1276.89858666778
-977.76019925100 1329.79798666778 -919.27229925100 1330.98908666778
-976.74209925100 1279.80828666778 -977.76019925100 1329.79798666778
-976.74209925100 1279.80828666778 -918.25429925100 1280.99938666778
-971.64139925100 1274.91118666778 -976.74209925100 1279.80828666778
-971.64139925100 1274.91118666778 -918.15249925100 1276.00048666778
-859.75639925100 1281.70248666778 -860.78439925100 1332.18018666778
-776.42179925100 1249.51808666778 -826.90979925100 1249.51808666778
-780.42179925100 1132.51808666778 -780.42179925100 1191.01808666778
-780.42179925100 1191.01808666778 -780.42179925100 1249.51808666778
-919.19085655363 1326.98991586785 -860.70295655363 1328.18101586785
-977.67875655363 1325.79881586785 -919.19085655363 1326.98991586785
ci -799.28959925100 1310.56008666778 176.00000000000 191.68615000000 259.48055000000 1 0
ci -799.28959925100 1310.56008666778 67.00000000000 205.51274000000 245.65426000000 1 0
lyc
lc6
lt1
lg0
cn0 2.5 2.5 0 2
cn"$< l r  S V b N>
-461.97343561038 1116.06468666778 -488.73743561038 1089.30078666778
-488.73743561038 1089.30078666778 -464.23623561038 1064.30448666778
-435.20953561038 1142.82868666778 -461.97343561038 1116.06468666778
-435.20953561038 1142.82868666778 -410.21313561038 1118.32748666778
-438.92683561038 1235.36808666778 -438.92683561038 1191.01808666778
-398.92683561038 1235.76808666778 -438.92683561038 1235.36808666778
-438.92683561038 1191.01808666778 -438.92683561038 1146.66808666778
-438.92683561038 1146.66808666778 -398.92683561038 1146.26808666778
-550.92683561038 1235.36808666778 -550.92683561038 1191.01808666778
-590.92683561038 1235.76808666778 -550.92683561038 1235.36808666778
-550.92683561038 1191.01808666778 -550.92683561038 1146.66808666778
-550.92683561038 1146.66808666778 -590.92683561038 1146.26808666778
-540.92683561038 1191.01808666778 -540.92683561038 1162.27478666778
-535.92683561038 1191.01808666778 -535.92683561038 1173.36148666778
-590.92683561038 1249.51808666778 -590.92683561038 1191.01808666778
-590.92683561038 1249.51808666778 -540.92683561038 1249.51808666778
-540.92683561038 1249.51808666778 -540.92683561038 1191.01808666778
-540.92683561038 1249.51808666778 -535.92683561038 1244.51808666778
-535.92683561038 1244.51808666778 -535.92683561038 1191.01808666778
-448.92683561038 1191.01808666778 -448.92683561038 1145.74758666778
-453.92683561038 1191.01808666778 -453.92683561038 1149.75108666778
-398.92683561038 1249.51808666778 -398.92683561038 1191.01808666778
-448.92683561038 1249.51808666778 -398.92683561038 1249.51808666778
-448.92683561038 1249.51808666778 -448.92683561038 1191.01808666778
-448.92683561038 1249.51808666778 -453.92683561038 1244.51808666778
-453.92683561038 1244.51808666778 -453.92683561038 1191.01808666778
-535.92683561038 1244.51808666778 -453.92683561038 1244.51808666778
-590.92683561038 1191.01808666778 -590.92683561038 1132.51808666778
-398.92683561038 1191.01808666778 -398.92683561038 1132.51808666778
-437.22473561038 1091.31598666778 -473.64073561038 1054.89998666778
-505.46053561038 1093.79068666778 -505.46053561038 1086.71978666778
-458.01623561038 1141.23518666778 -505.46053561038 1093.79068666778
-450.77383561038 1141.40638666778 -505.46053561038 1086.71968666778
-505.46053561038 1086.71978666778 -473.64073561038 1054.89998666778
-400.80883561038 1127.73188666778 -437.22473561038 1091.31598666778
-590.92683561038 1132.51808666778 -544.18793561038 1132.51808666778
-544.18793561038 1132.51808666778 -505.46053561038 1093.79068666778
-446.38053561038 1142.62748666778 -407.35913561038 1132.99748666778
-517.90273561038 1176.73348666778 -457.41483561038 1145.63678666778
-586.92683561038 1249.51808666778 -586.92683561038 1191.01808666778
-586.92683561038 1191.01808666778 -586.92683561038 1132.51808666778
-402.92683561038 1249.51808666778 -402.92683561038 1191.01808666778
-402.92683561038 1191.01808666778 -402.92683561038 1132.51808666778
-403.63726273512 1130.56031379253 -440.05316273512 1094.14441379253
-440.05316273512 1094.14441379253 -476.46916273512 1057.72841379253
-402.92683561038 1132.51808666778 -398.92683561038 1132.51808666778
-403.63726273512 1130.56031379253 -400.80883561038 1127.73188666778
lyc
lc6
lt1
lg0
lw0
cn1
cn"$< l r     >
#
405.17610729882 1051.02101635528 308.17561901757 1051.02101635528
308.17561901757 1051.02101635528 308.17561901757 1091.01772045684
308.17561901757 1091.01772045684 405.17610729882 1091.01772045684
405.17610729882 1091.01772045684 405.17610729882 1051.02101635528
256.67635143944 1239.52211498809 216.67464245507 1239.52211498809
216.67464245507 1239.52211498809 216.67464245507 1142.51918530059
216.67464245507 1142.51918530059 256.67635143944 1142.51918530059
256.67635143944 1142.51918530059 256.67635143944 1239.52211498809
ci 256.67635143944 1091.01772045684 55.50001144409 180.51205444336 270.00000000000 1 180
ci 256.67635143944 1091.01772045684 145.50001525879 180.51205444336 270.00000000000 1 180
lyc
lc6
lt1
lg0
lw0
cn1
cn"$< l r     >
#
227.63069714257 892.17973336085 286.31892956444 833.49150093897
252.37935436913 916.92967232569 308.59517468163 860.71501168116
227.63069714257 892.17973336085 252.37935436913 916.92967232569
254.85664929100 914.45475777491 312.17745007225 971.77555855616
286.31892956444 833.49150093897 308.17403210350 855.34538277491
308.59517468163 860.71501168116 330.13326061913 882.25181588038
308.17403210350 824.53587349757 308.17403210350 860.71501168116
312.17745007225 971.77555855616 312.17745007225 976.72532662257
308.17403210350 976.53581246241 308.17403210350 1016.53501900538
308.17403210350 976.53581246241 405.17696179100 976.53581246241
405.17696179100 976.53581246241 405.17696179100 1016.53501900538
405.17696179100 1016.53501900538 308.17403210350 1016.53501900538
308.17403210350 824.53587349757 405.17696179100 824.53587349757
405.17696179100 824.53587349757 405.17696179100 864.53508004054
405.17696179100 864.53508004054 312.17745007225 864.53508004054
401.17354382225 864.53508004054 401.17354382225 976.53581246241
lyc
lc6
lt1
lg0
lw0
cn1
cn"$< l r     >
#
485.72029675194 349.68987845877 427.03206433007 291.00164603690
460.97163952538 374.43981742361 404.75581921288 318.22515677908
485.72029675194 349.68987845877 460.97163952538 374.43981742361
458.49434460350 371.96490287283 401.17354382225 429.28570365408
427.03206433007 291.00164603690 405.17696179100 312.85552787283
404.75581921288 318.22515677908 383.21773327538 339.76196097830
405.17696179100 282.04601859549 405.17696179100 318.22515677908
401.17354382225 429.28570365408 401.17354382225 434.23547172049
405.17696179100 434.04595756033 405.17696179100 474.04516410330
405.17696179100 434.04595756033 308.17403210350 434.04595756033
308.17403210350 434.04595756033 308.17403210350 474.04516410330
308.17403210350 474.04516410330 405.17696179100 474.04516410330
405.17696179100 282.04601859549 308.17403210350 282.04601859549
308.17403210350 282.04601859549 308.17403210350 322.04522513846
308.17403210350 322.04522513846 401.17354382225 322.04522513846
312.17745007225 322.04522513846 312.17745007225 434.04595756033
lyc
lc6
lt1
lg0
lw0
cn1
cn"$< l r     >
#
227.63069714257 -108.76366117034 286.31892956444 -167.45189359222
252.37935436913 -84.01372220550 308.59517468163 -140.22838285003
227.63069714257 -108.76366117034 252.37935436913 -84.01372220550
254.85664929100 -86.48863675628 312.17745007225 -29.16783597503
286.31892956444 -167.45189359222 308.17403210350 -145.59801175628
308.59517468163 -140.22838285003 330.13326061913 -118.69157865081
308.17403210350 -176.40752103362 308.17403210350 -140.22838285003
312.17745007225 -29.16783597503 312.17745007225 -24.21806790862
308.17403210350 -24.40758206878 308.17403210350 15.59162447419
308.17403210350 -24.40758206878 405.17696179100 -24.40758206878
405.17696179100 -24.40758206878 405.17696179100 15.59162447419
405.17696179100 15.59162447419 308.17403210350 15.59162447419
308.17403210350 -176.40752103362 405.17696179100 -176.40752103362
405.17696179100 -176.40752103362 405.17696179100 -136.40831449065
405.17696179100 -136.40831449065 312.17745007225 -136.40831449065
401.17354382225 -136.40831449065 401.17354382225 -24.40758206878
lyc
lc6
lt1
lg0
lw0
cn1
cn"$< l r     >
#
485.72029675194 -410.90020551075 427.03206433007 -469.58843793262
460.97163952538 -386.15026654591 404.75581921288 -442.36492719044
485.72029675194 -410.90020551075 460.97163952538 -386.15026654591
458.49434460350 -388.62518109669 401.17354382225 -331.30438031544
427.03206433007 -469.58843793262 405.17696179100 -447.73455609669
404.75581921288 -442.36492719044 383.21773327538 -420.82812299122
405.17696179100 -478.54406537403 405.17696179100 -442.36492719044
401.17354382225 -331.30438031544 401.17354382225 -326.35461224903
405.17696179100 -326.54412640919 405.17696179100 -286.54491986622
405.17696179100 -326.54412640919 308.17403210350 -326.54412640919
308.17403210350 -326.54412640919 308.17403210350 -286.54491986622
308.17403210350 -286.54491986622 405.17696179100 -286.54491986622
405.17696179100 -478.54406537403 308.17403210350 -478.54406537403
308.17403210350 -478.54406537403 308.17403210350 -438.54485883106
308.17403210350 -438.54485883106 401.17354382225 -438.54485883106
312.17745007225 -438.54485883106 312.17745007225 -326.54412640919
lyc
lc6
lt1
lg0
lw0
cn1
cn"$< l r     >
#
373.29842175194 -954.51184295554 304.70821179100 -885.92785858054
304.70821179100 -885.92785858054 276.42439831444 -914.20923065085
276.42439831444 -914.20923065085 345.01216686913 -982.79944061179
345.43819225975 -983.22668670554 373.29842175194 -954.51184295554
405.17940319725 -837.55273651022 405.17940319725 -877.55688690085
405.17940319725 -877.55688690085 308.17903698632 -877.55688690085
308.17903698632 -877.55688690085 308.17903698632 -837.55273651022
308.17903698632 -837.55273651022 405.17940319725 -837.55273651022
ci 296.33724011132 -877.55688690085 104.84101104736 315.00006103516 0.00000000000 1 0
ci 296.33724011132 -877.55688690085 15.83571815491 315.00044250488 0.00000000000 1 0
lyc
lc6
lt1
lg0
lw0
cn1
cn"$< l r     >
#
-934.91447553962 -2170.62494387794 -837.91767252088 -2170.62934603197
-837.91767252088 -2170.62934603197 -837.91594618596 -2210.62697231124
-837.91594618596 -2210.62697231124 -934.91542502382 -2210.62869864616
-935.51877907662 -2210.62956181361 -934.91447553962 -2170.62494387794
-874.75515642148 -2065.37910841808 -903.04236243830 -2093.66631443489
-903.04236243830 -2093.66631443489 -834.45274571297 -2162.25593116023
-834.45274571297 -2162.25593116023 -806.16553969615 -2133.96872514341
-806.16553969615 -2133.96872514341 -874.75515642148 -2065.37910841808
ci -826.07933084122 -2170.62934603197 104.84101104736 135.00000000000 179.99993896484 1 0
ci -826.07933084122 -2170.62934603197 15.83571815491 135.00000000000 179.99955749512 1 0
lyc
lc6
lt1
lg0
lw0
cn1
cn"$< l r     >
#
-757.36820998109 -2476.50430908410 -816.05644240296 -2535.19254150598
-782.11686720765 -2451.75437011926 -838.33268752015 -2507.96903076379
-757.36820998109 -2476.50430908410 -782.11686720765 -2451.75437011926
-784.59416212952 -2454.22928467004 -841.91496291077 -2396.90848388879
-816.05644240296 -2535.19254150598 -837.91154494203 -2513.33865967004
-838.33268752015 -2507.96903076379 -859.87077345765 -2486.43222656457
-837.91154494203 -2544.14816894738 -837.91154494203 -2507.96903076379
-841.91496291077 -2396.90848388879 -841.91496291077 -2391.95871582239
-837.91154494203 -2392.14822998254 -837.91154494203 -2352.14902343957
-837.91154494203 -2392.14822998254 -934.91447462952 -2392.14822998254
-934.91447462952 -2392.14822998254 -934.91447462952 -2352.14902343957
-934.91447462952 -2352.14902343957 -837.91154494203 -2352.14902343957
-837.91154494203 -2544.14816894738 -934.91447462952 -2544.14816894738
-934.91447462952 -2544.14816894738 -934.91447462952 -2504.14896240442
-934.91447462952 -2504.14896240442 -841.91496291077 -2504.14896240442
-930.91105666078 -2504.14896240442 -930.91105666078 -2392.14822998254
lyc
lc6
lt1
lg0
lw0
cn3
cn"$< l r     >
#
-934.91300978577 -2724.43485432769 -837.91200978578 -2724.43485432769
-934.91300978577 -2764.43185432769 -934.91300978577 -2724.43485432769
-934.91300978577 -2764.43185432769 -837.91200978578 -2764.43185432769
-837.91200978578 -2764.43185432769 -837.91200978578 -2724.43485432769
-930.91400978577 -2864.43185432769 -930.91400978577 -2764.92785432769
-841.91200978578 -2864.43185432769 -841.91200978578 -2764.92785432769
ci -886.41300978577 -2864.43185432769 44.50100000000
lyc
lc6
lt1
lg0
lw0
cn3
cn"$< l r     >
#
628.59746210214 -882.90575564758 628.59746210214 -965.90675564758
593.59746210214 -882.90575564758 628.59746210214 -882.90575564758
593.59746210214 -882.90575564758 593.59746210214 -965.90675564758
593.59746210214 -965.90675564758 628.59746210214 -965.90675564758
503.59846210214 -962.40475564758 593.59746210214 -962.40475564758
503.59846210214 -886.40475564758 593.59746210214 -886.40475564758
ci 503.59846210214 -924.40475564758 38.00000000000
lyc
lc6
lt1
lg0
lw0
cn1
cn"$< l r     >
#
627.59918797060 -965.90707498352 627.59918797060 -882.90615945617
627.59918797060 -882.90615945617 662.59906590028 -882.90615945617
662.59906590028 -882.90615945617 662.59906590028 -965.90707498352
662.59906590028 -965.90707498352 627.59918797060 -965.90707498352
794.09650242372 -834.40469461242 711.10053074403 -834.40469461242
711.10053074403 -834.40469461242 711.10053074403 -799.40506082336
711.10053074403 -799.40506082336 794.09650242372 -799.40506082336
794.09650242372 -799.40506082336 794.09650242372 -834.40469461242
ci 662.59906590028 -834.40469461242 51.99997711182 90.55703735352 180.20654296875 1 180
ci 662.59906590028 -834.40469461242 127.99995422363 90.00000000000 180.00000000000 1 180
lyc
lc6
lt1
lg0
lw0
cn1
cn"$< l r     >
#
711.09952211062 -758.46746500734 794.10252483320 -758.46224284422
794.10252483320 -758.46224284422 794.09997848920 -793.46648854021
682.95163132144 -725.50223663784 707.70118867205 -750.25179398845
707.70118867205 -750.25179398845 766.38647672301 -691.56650593749
766.38647672301 -691.56650593749 741.63691937240 -666.81694858688
741.63691937240 -666.81694858688 682.95163132144 -725.50223663784
794.09997848920 -793.46648854021 711.10396742302 -793.46471904692
711.10396742302 -793.46471904692 711.09952211062 -758.46746500734
ci 699.49073981628 -758.46224284422 91.11255645752 359.99995422363 45.00000000000 1 0
ci 699.49073981628 -758.46224284422 15.11278438568 0.00022888184 45.00000000000 1 0
lyc
lc6
lt1
lg0
lw0
cn1
cn"$< l r     >
#
134.13070313150 -197.45696869974 134.13592529462 -280.45997142232
134.13592529462 -280.45997142232 99.13167959863 -280.45742507832
167.09593150100 -169.30907791056 142.34637415039 -194.05863526118
142.34637415039 -194.05863526118 201.03166220135 -252.74392331213
201.03166220135 -252.74392331213 225.78121955196 -227.99436596152
225.78121955196 -227.99436596152 167.09593150100 -169.30907791056
99.13167959863 -280.45742507832 99.13344909192 -197.46141401214
99.13344909192 -197.46141401214 134.13070313150 -197.45696869974
ci 134.13592529462 -185.84818640541 91.11255645752 269.99995422363 315.00000000000 1 0
ci 134.13592529462 -185.84818640541 15.11278438568 270.00022888184 315.00000000000 1 0
lyc
lc6
lt1
lg0
lw0
cn3
cn"$< l r     >
#
670.08599021303 377.52459628695 587.08499021303 377.52459628695
670.08599021303 412.52459628695 670.08599021303 377.52459628695
670.08599021303 412.52459628695 587.08499021303 412.52459628695
587.08499021303 412.52459628695 587.08499021303 377.52459628695
590.58699021303 502.52359628695 590.58699021303 412.52459628695
666.58699021303 502.52359628695 666.58699021303 412.52459628695
ci 628.58699021303 502.52359628695 38.00000000000
lyc
lc6
lt1
lg0
lw0
cn1
cn"$< l r     >
#
670.08930954896 423.84650990508 587.08839402162 423.84650990508
587.08839402162 423.84650990508 587.08839402162 388.84663197540
587.08839402162 388.84663197540 670.08930954896 388.84663197540
670.08930954896 388.84663197540 670.08930954896 423.84650990508
538.58692917787 257.34919545196 538.58692917787 340.34516713165
538.58692917787 340.34516713165 503.58729538881 340.34516713165
503.58729538881 340.34516713165 503.58729538881 257.34919545196
503.58729538881 257.34919545196 538.58692917787 257.34919545196
ci 538.58692917787 388.84663197540 51.99997711182 89.79345703125 179.44296264648 1 180
ci 538.58692917787 388.84663197540 127.99995422363 90.00000000000 180.00000000000 1 180
lyc
lc6
lt1
lg0
lw0
cn1
cn"$< l r     >
#
500.31036775558 340.39410188383 500.48635038309 257.39128555601
500.48635038309 257.39128555601 535.49050710536 257.47025005194
467.28376796852 368.46995884027 492.08729737504 343.77449150145
492.08729737504 343.77449150145 433.53026567541 284.96122679206
433.53026567541 284.96122679206 408.72673626889 309.65669413087
408.72673626889 309.65669413087 467.28376796852 368.46995884027
535.49050710536 257.47025005194 535.30754810167 340.46605947646
535.30754810167 340.46605947646 500.31036775558 340.39410188383
ci 500.27980234320 352.00284511399 91.11255645752 225.12508315270 270.12512892907 1 0
ci 500.27980234320 352.00284511399 15.11278438568 225.12508315270 270.12485427087 1 0
lyc
lc6
lt1
lg0
lw0
cn3
cn"$< l r     >
#
15.81885506818 932.00058820624 -42.87171487708 873.31001826097
-8.92988227335 956.74932554776 15.81885506818 932.00058820624
-8.92988227335 956.74932554776 -67.62045221861 898.05875560250
-67.62045221861 898.05875560250 -42.87171487708 873.31001826097
-128.78306747090 964.17394675022 -65.14416427090 900.53504355021
-75.04295210073 1017.91406212040 -11.40404890072 954.27515892039
ci -101.91300978582 991.04400443531 38.00000000000
lyc
lc6
lt1
lg0
lw0
cn1
cn"$< l r     >
#
62.05085909281 885.76848992301 3.36256587324 827.07281097464
3.36256587324 827.07281097464 -21.38737319175 851.82635091357
105.26436008315 882.36211802753 70.26320041518 882.36211788592
70.26320041518 882.36211788592 70.26320075095 799.36858761249
70.26320075095 799.36858761249 105.26436041892 799.36858775409
105.26436041892 799.36858775409 105.26436008315 882.36211802753
-21.38737319175 851.82635091357 37.30092002786 910.51214216663
37.30092002786 910.51214216663 62.05085909281 885.76848992301
ci 70.26320036821 893.97344601092 91.11255645752 224.99995445543 270.00000023180 1 0
ci 70.26320036821 893.97344601092 15.11278438568 225.00022911364 270.00000023180 1 0
lyc
lc6
lt1
lg0
lw0
cn1
cn"$< l r     >
#
213.01227723833 882.36801109485 213.01749526423 799.36500837200
213.01749526423 799.36500837200 178.01324956837 799.36755646076
245.97750701084 910.51590024090 221.22794842660 885.76634412391
221.22794842660 885.76634412391 279.91323355244 827.08105314783
279.91323355244 827.08105314783 304.66279213668 851.83060926482
304.66279213668 851.83060926482 245.97750701084 910.51590024090
178.01324956837 799.36755646076 178.01502319853 882.36356752685
178.01502319853 882.36356752685 213.01227723833 882.36801109485
ci 213.01749998008 893.97679338892 91.11255645752 269.99995136777 314.99999714414 1 0
ci 213.01749998008 893.97679338892 15.11278438568 270.00022602598 314.99999714414 1 0
lyc
lc6
lt1
lg0
lw0
cn3
cn"$< l r     >
#
-250.41400978581 -197.45690213784 -250.41400978581 -280.45790213784
-285.41400978581 -197.45690213784 -250.41400978581 -197.45690213784
-285.41400978581 -197.45690213784 -285.41400978581 -280.45790213784
-285.41400978581 -280.45790213784 -250.41400978581 -280.45790213784
-375.41300978581 -276.95590213784 -285.41400978581 -276.95590213784
-375.41300978581 -200.95590213784 -285.41400978581 -200.95590213784
ci -375.41300978581 -238.95590213784 38.00000000000
lyc
lc6
lt1
lg0
cn0 3.5 3.5 0.05 2
cn"$< l r  S V b N>
-330.84458539369 966.13583645110 -331.19458539369 1001.13583645110
-331.19458539369 1001.13583645110 -369.04458539369 1001.13583645110
-406.89458539369 1001.13583645110 -407.24458539369 966.13583645110
-369.04458539369 1001.13583645110 -406.89458539369 1001.13583645110
-411.36488539369 1011.92823645110 -436.36118539369 1036.42943645110
-384.60088539369 1038.69213645110 -411.36488539369 1011.92823645110
-357.83698539369 1065.45613645110 -382.33818539369 1090.45243645110
-357.83698539369 1065.45613645110 -384.60088539369 1038.69213645110
-317.54458539369 966.13583645110 -369.04458539369 966.13583645110
-317.54458539369 966.13583645110 -317.54458539369 1011.13583645110
-317.54458539369 1011.13583645110 -369.04458539369 1011.13583645110
-317.54458539369 1011.13583645110 -322.54458539369 1016.13583645110
-322.54458539369 1016.13583645110 -369.04458539369 1016.13583645110
-369.04458539369 966.13583645110 -420.54458539369 966.13583645110
-369.04458539369 1011.13583645110 -394.43058539369 1011.13583645110
-369.04458539369 1016.13583645110 -383.64568539369 1016.13583645110
-409.34968539369 1063.44093645110 -445.76568539369 1027.02493645110
-377.52988539369 1031.62113645110 -395.77698539369 1013.37403645110
-373.99428539369 1028.08553645110 -383.94058539369 1018.13923645110
-372.93368539369 1099.85693645110 -409.34968539369 1063.44093645110
-341.11388539369 1068.03713645110 -372.93368539369 1099.85693645110
-341.11388539369 1068.03713645110 -377.52988539369 1031.62113645110
-341.11388539369 1060.96603645110 -341.11388539369 1068.03713645110
-341.11388539369 1060.96603645110 -373.99428539369 1028.08553645110
-420.54458539369 966.13583645110 -420.54458539369 1001.80383645110
-420.54458539369 1001.80383645110 -445.76568539369 1027.02493645110
-317.54458539369 970.13583645110 -369.04458539369 970.13583645110
-369.04458539369 970.13583645110 -420.54458539369 970.13583645110
-406.52125826895 1060.61250932635 -442.93725826895 1024.19650932635
-370.10525826895 1097.02850932635 -406.52125826895 1060.61250932635
ci -440.40518539369 993.57723645110 120.00000000000 10.83541000000 34.16466000000 1 0
lyc
lc6
lt1
lg0
lw0
cn3
cn"$< l r     >
#
-410.54358539369 831.44701677750 -327.54258539369 831.44701677750
-410.54358539369 796.44701677750 -410.54358539369 831.44701677750
-410.54358539369 796.44701677750 -327.54258539369 796.44701677750
-327.54258539369 796.44701677750 -327.54258539369 831.44701677750
-331.04458539369 706.44801677750 -331.04458539369 796.44701677750
-407.04458539369 706.44801677750 -407.04458539369 796.44701677750
ci -369.04458539369 706.44801677750 38.00000000000
lyc
lc6
lt1
lg0
lw0
cn1
cn"$< l r     >
#
-485.78841105111 -2531.14945068567 -568.78932657845 -2531.14945068567
-568.78932657845 -2531.14945068567 -568.78932657845 -2496.14957275598
-568.78932657845 -2496.14957275598 -485.78841105111 -2496.14957275598
-485.78841105111 -2496.14957275598 -485.78841105111 -2531.14945068567
-617.29079142220 -2364.65213623254 -617.29079142220 -2447.64810791223
-617.29079142220 -2447.64810791223 -652.29042521126 -2447.64810791223
-652.29042521126 -2447.64810791223 -652.29042521126 -2364.65213623254
-652.29042521126 -2364.65213623254 -617.29079142220 -2364.65213623254
ci -617.29079142220 -2496.14957275598 51.99997711182 180.55703735352 270.20654296875 1 180
ci -617.29079142220 -2496.14957275598 127.99995422363 180.00000000000 270.00000000000 1 180
lyc
lc6
lt1
lg0
lw0
cn3
cn"$< l r     >
#
-568.78973038704 -2733.04701392019 -485.78873038704 -2733.04701392019
-568.78973038704 -2768.04701392019 -568.78973038704 -2733.04701392019
-568.78973038704 -2768.04701392019 -485.78873038704 -2768.04701392019
-485.78873038704 -2768.04701392019 -485.78873038704 -2733.04701392019
-489.29073038704 -2858.04601392019 -489.29073038704 -2768.04701392019
-565.29073038704 -2858.04601392019 -565.29073038704 -2768.04701392019
ci -527.29073038704 -2858.04601392019 38.00000000000
lc2
lt1
cn4
cn"$< l r  S V b N>
#
ch 313.472 1716.651 0 0 VP/VU65
ch -359.032 1601.044 0 0 TMP65
ch -916.422 1396.031 0 0 TMP75
ch -264.869 -1524.088 0 0 VP/VU75
ch 554.637 -538.508 0 0 VP/VU65
ch -109.642 -238.956 0 0 VP/VU65
ch 628.587 400.685 0 0 VP/VU65
ch -26.826 915.957 0 0 VP/VU65
ch -369.045 864.792 0 0 TMP65
ch -527.291 -2632.098 0 0 VP/VU65
